local Fluent = loadstring(game:HttpGet("https://github.com/dawid-scripts/Fluent/releases/latest/download/main.lua"))()
local SaveManager = loadstring(game:HttpGet("https://raw.githubusercontent.com/dawid-scripts/Fluent/master/Addons/SaveManager.lua"))()
local InterfaceManager = loadstring(game:HttpGet("https://raw.githubusercontent.com/dawid-scripts/Fluent/master/Addons/InterfaceManager.lua"))()

local Window = Fluent:CreateWindow({
    Title = "[Hanami Awaken ++] Cursed Arena ",
    SubTitle = "               By Zetra Hub | First Version",
    TabWidth = 135,
    Size = UDim2.fromOffset(500, 350),
    Acrylic = true,
    Theme = "Darker",
    MinimizeKey = Enum.KeyCode.LeftControl
})

local Tabs = {
    InfoScript = Window:AddTab({ Title = "Info Script", Icon = "scroll" }),
    AutoFarm = Window:AddTab({ Title = "Auto Farm", Icon = "swords" }),
    FarmSettings = Window:AddTab({ Title = "Farm Settings", Icon = "list" }),
    AutoSkills = Window:AddTab({ Title = "Auto Skills", Icon = "sword" }),
    SwitchFast = Window:AddTab({ Title = "Switch Fast", Icon = "repeat" }),
    AntiLag = Window:AddTab({ Title = "Anti Lag", Icon = "shield" }),
    Misc = Window:AddTab({ Title = "Misc", Icon = "clipboard" }),
    Settings = Window:AddTab({ Title = "Settings", Icon = "settings" })
}

local Options = Fluent.Options

Fluent:Notify({
    Title = "By ZetraScripts YT",
    Content = "Thanks for using the script",
    Duration = 5
})

local SupportSection = Tabs.InfoScript:AddSection("Support")
Tabs.InfoScript:AddParagraph({
    Title = "Supported",
    Content = "- Mobile\n- PC\n- Emulator\n- Console"
})

local UpdatesSection = Tabs.InfoScript:AddSection("Updates")
Tabs.InfoScript:AddParagraph({
    Title = "Updates",
    Content = "- 5/11/2024"
})

local SupportSection = Tabs.InfoScript:AddSection("Support Executors")
Tabs.InfoScript:AddParagraph({
    Title = "Executors",
    Content = "- Delta\n- Fluxus\n- Arceus X\n- Wave\n- Codex"
})

local CreditsSection = Tabs.InfoScript:AddSection("Credits")

local linkParaCopiar = "https://youtube.com/@zetrascripts?si=suM_heCy4O_X-P4H"
Tabs.InfoScript:AddButton({
    Title = "Copy Link Channel",
    Callback = function()
        setclipboard(linkParaCopiar)
        print("Link copied to clipboard.")
    end
})

local AntiAFKEnabled = true
local Toggle = Tabs.Misc:AddToggle("MyToggle", {Title = "Anti AFK", Default = true})
Toggle:OnChanged(function()
    AntiAFKEnabled = Options.MyToggle.Value
    print("Toggle changed:", AntiAFKEnabled)
end)
Options.MyToggle:SetValue(true)

Tabs.Misc:AddButton({
    Title = "Server Hop",
    Callback = function()
        local TeleportService = game:GetService("TeleportService")
        local HttpService = game:GetService("HttpService")
        local placeId = game.PlaceId

        local function serverHop()
            local servers
            local cursor = ""

            local success, response = pcall(function()
                local url = "https://games.roblox.com/v1/games/" .. placeId .. "/servers/Public?sortOrder=Asc&limit=100&cursor=" .. cursor
                return HttpService:JSONDecode(game:HttpGet(url))
            end)

            if success and response and response.data then
                servers = response.data
            else
                warn("Não foi possível obter servidores.")
                return
            end

            for _, server in ipairs(servers) do
                if server.id ~= game.JobId and server.playing < server.maxPlayers then
                    TeleportService:TeleportToPlaceInstance(placeId, server.id)
                    return
                end
            end

            if response.nextPageCursor then
                cursor = response.nextPageCursor
                serverHop()
            else
                warn("Nenhum servidor disponível para hop.")
            end
        end

        serverHop()
    end
})

Tabs.Misc:AddButton({
    Title = "Rejoin",
    Callback = function()
        local TeleportService = game:GetService("TeleportService")
        local player = game.Players.LocalPlayer
        TeleportService:Teleport(game.PlaceId, player)
    end
})

local Toggle = Tabs.AutoFarm:AddToggle("MyToggle", {Title = "Auto Attack", Default = false })

Toggle:OnChanged(function()
    if Toggle.Value then
        print("Auto Attack ativado.")
        while Toggle.Value do
            local args = {
                [1] = "AttackHandler",
                [2] = "Punch",
                [3] = {
                    [1] = false,
                    [2] = false
                }
            }

            game:GetService("ReplicatedStorage"):WaitForChild("remotes"):WaitForChild("base"):FireServer(unpack(args))
            
            wait(0.1) -- Tempo de espera entre cada execução
        end
        print("Auto Attack desativado.")
    else
        print("Auto Attack desativado.")
    end
end)

Options.MyToggle:SetValue(false)

local TheStrongestSorcererSection = Tabs.AutoSkills:AddSection("The Strongest Sorcerer")

local Toggle = Tabs.AutoSkills:AddToggle("MyToggle", {Title = "Enable Auto Skills", Default = false })

Toggle:OnChanged(function()
    if Toggle.Value then
        print("Auto Gojo Attacks ativado.")
        
        while Toggle.Value do
            -- Script para "Gojo Red"
            local argsRed = {
                [1] = "GojoHandler",
                [2] = "Red",
                [3] = {
                    ["CF"] = CFrame.new(-587.5499877929688, 99.24136352539062, -191.18479919433594, -0.7716758251190186, -0.14604851603507996, 0.619020402431488, -1.4901159417490817e-08, 0.9732779860496521, 0.22963020205497742, -0.6360160708427429, 0.1772000640630722, -0.751055121421814),
                    ["Look"] = Vector3.new(-0.619020402431488, -0.22963020205497742, 0.751055121421814),
                    ["Air"] = false,
                    ["Pos"] = Vector3.new(-587.5499877929688, 99.24136352539062, -191.18479919433594)
                }
            }
            game:GetService("ReplicatedStorage"):WaitForChild("remotes"):WaitForChild("base"):FireServer(unpack(argsRed))

            wait(0.05) -- Intervalo entre "Red" e "Blue"

            -- Script para "Gojo Blue"
            local argsBlue = {
                [1] = "GojoHandler",
                [2] = "Blue",
                [3] = {
                    ["CF"] = CFrame.new(-798.82666015625, 100.33518981933594, 191.26834106445312, -0.8579939007759094, 0.09488444030284882, -0.5048201680183411, 0, 0.9827907085418701, 0.18472230434417725, 0.5136598944664001, 0.1584906131029129, -0.8432284593582153),
                    ["Look"] = Vector3.new(0.5048201680183411, -0.18472230434417725, 0.8432284593582153),
                    ["Air"] = false,
                    ["Pos"] = Vector3.new(-798.82666015625, 100.33518981933594, 191.26834106445312)
                }
            }
            game:GetService("ReplicatedStorage"):WaitForChild("remotes"):WaitForChild("base"):FireServer(unpack(argsBlue))

            wait(0.05) -- Intervalo entre "Blue" e "Collapse"

            -- Script para "Gojo Collapse"
            local argsCollapse = {
                [1] = "GojoHandler",
                [2] = "Collapse",
                [3] = {
                    ["CF"] = CFrame.new(-517.097412109375, 99.93165588378906, 271.5325012207031, 0.7221826314926147, 0.16763271391391754, -0.6710823178291321, -1.4901161193847656e-08, 0.9701893329620361, 0.24234800040721893, 0.6917024254798889, -0.1750195026397705, 0.7006539106369019),
                    ["Look"] = Vector3.new(0.6710823178291321, -0.24234800040721893, -0.7006539106369019),
                    ["Air"] = false,
                    ["Pos"] = Vector3.new(-517.097412109375, 99.93165588378906, 271.5325012207031)
                }
            }
            game:GetService("ReplicatedStorage"):WaitForChild("remotes"):WaitForChild("base"):FireServer(unpack(argsCollapse))

            wait(0.05) -- Intervalo entre "Collapse" e "AirPalm"

            -- Script para "Gojo AirPalm"
            local argsAirPalm = {
                [1] = "GojoHandler",
                [2] = "AirPalm",
                [3] = {
                    ["CF"] = CFrame.new(-706.9911499023438, 99.11021423339844, 240.9980926513672, -0.9767523407936096, -0.1557685285806656, 0.14727917313575745, 0, 0.6870290040969849, 0.7266300916671753, -0.21437114477157593, 0.7097376585006714, -0.6710571050643921),
                    ["Look"] = Vector3.new(-0.14727917313575745, -0.7266300916671753, 0.6710571050643921),
                    ["Air"] = false,
                    ["Pos"] = Vector3.new(-706.9911499023438, 99.11021423339844, 240.9980926513672)
                }
            }
            game:GetService("ReplicatedStorage"):WaitForChild("remotes"):WaitForChild("base"):FireServer(unpack(argsAirPalm))

            wait(0.1) -- Intervalo principal entre cada ciclo completo
        end
        
        print("Auto Gojo Attacks desativado.")
    else
        print("Auto Gojo Attacks desativado.")
    end
end)

Options.MyToggle:SetValue(false)

Tabs.AntiLag:AddButton({
    Title = "FPS Booster",
    Callback = function()
        _G.Settings = {
            Players = {
                ["Ignore Me"] = true, -- Ignore your Character
                ["Ignore Others"] = true -- Ignore other Characters
            },
            Meshes = {
                Destroy = false, -- Destroy Meshes
                LowDetail = true -- Low detail meshes (NOT SURE IT DOES ANYTHING)
            },
            Images = {
                Invisible = true, -- Invisible Images
                LowDetail = false, -- Low detail images (NOT SURE IT DOES ANYTHING)
                Destroy = false, -- Destroy Images
            },
            ["No Particles"] = true, -- Disables all ParticleEmitter, Trail, Smoke, Fire and Sparkles
            ["No Camera Effects"] = true, -- Disables all PostEffect's (Camera/Lighting Effects)
            ["No Explosions"] = true, -- Makes Explosion's invisible
            ["No Clothes"] = true, -- Removes Clothing from the game
            ["Low Water Graphics"] = true, -- Removes Water Quality
            ["No Shadows"] = true, -- Remove Shadows
            ["Low Rendering"] = true, -- Lower Rendering
            ["Low Quality Parts"] = true -- Lower quality parts
        }
        loadstring(game:HttpGet("https://raw.githubusercontent.com/CasperFlyModz/discord.gg-rips/main/FPSBooster.lua"))()
        print("FPS Booster activated.")
    end
})

Tabs.AntiLag:AddButton({
    Title = "Anti Lag",
    Callback = function()
        local a = tick()
        if not game:IsLoaded() then
            game.Loaded:Wait()
        end
        wait(0.1)
        sethiddenproperty(game.Lighting, "Technology", 2)
        sethiddenproperty(workspace:FindFirstChildOfClass("Terrain"), "Decoration", false)
        settings().Rendering.QualityLevel = 1
        setsimulationradius(0, 0)
        game.Lighting.GlobalShadows = false
        game.Lighting.FogEnd = 9e9
        workspace:FindFirstChildOfClass("Terrain").Elasticity = 0
        
        for b, c in pairs(game:GetDescendants()) do
            task.spawn(function()
                wait()
                if c:IsA("DataModelMesh") then
                    sethiddenproperty(c, "LODX", Enum.LevelOfDetailSetting.Low)
                    sethiddenproperty(c, "LODY", Enum.LevelOfDetailSetting.Low)
                    c.CollisionFidelity = "Hull"
                elseif c:IsA("UnionOperation") then
                    c.CollisionFidelity = "Hull"
                elseif c:IsA("Model") then
                    sethiddenproperty(c, "LevelOfDetail", 1)
                elseif c:IsA("BasePart") then
                    c.Reflectance = 0
                    c.CastShadow = false
                end
            end)
        end

        for d, e in pairs(game.Lighting:GetChildren()) do
            if e:IsA("PostEffect") then
                e.Enabled = false
            end
        end
        
        warn("Low graphics loaded! (" .. math.floor(tick() - a) .. "s)")
    end
})

local TheKingOfCursedSection = Tabs.AutoSkills:AddSection("The King Of Cursed")

-- Cria o toggle para ativar ou desativar a função
local Toggle = Tabs.AutoSkills:AddToggle("MyToggle", { Title = "Enable Auto Skill", Default = false })

-- Inicializa as opções do toggle
local Options = {
    MyToggle = Toggle -- Armazena o toggle diretamente
}

local running = false -- Flag para controlar a execução do loop

-- Função que lida com a mudança do toggle
Toggle:OnChanged(function()
    if Toggle.Value then -- Corrigido para acessar o valor diretamente
        print("Auto Skill enabled")
        running = true
        
        -- Inicia a execução do loop em uma nova thread para não travar a interface
        spawn(function()
            while running do
                -- Primeiro comando: DivergentFist
                local args1 = {
                    [1] = "SukunaHandler",
                    [2] = "DivergentFist",
                    [3] = {
                        ["CF"] = CFrame.new(-689.7927856445312, 99.93165588378906, 379.71881103515625, -0.5810999274253845, 0.2781226634979248, -0.7648337483406067, -0, 0.9397929906845093, 0.34174445271492004, 0.8138322830200195, 0.19858767092227936, -0.5461136102676392),
                        ["Look"] = Vector3.new(0.7648337483406067, -0.34174445271492004, 0.5461136102676392),
                        ["Air"] = false,
                        ["Pos"] = Vector3.new(-689.7927856445312, 99.93165588378906, 379.71881103515625)
                    }
                }
                game:GetService("ReplicatedStorage"):WaitForChild("remotes"):WaitForChild("base"):FireServer(unpack(args1))
                wait(1) -- Espera 1 segundo antes de executar o próximo comando

                -- Segundo comando: TripleKick
                local args2 = {
                    [1] = "SukunaHandler",
                    [2] = "TripleKick",
                    [3] = {
                        ["CF"] = CFrame.new(-513.47705078125, 99.93163299560547, -260.134521484375, 0.9998395442962646, -0.004518960602581501, 0.017334051430225372, 4.6566123179658803e-10, 0.967657744884491, 0.25226688385009766, -0.01791341044008732, -0.25222641229629517, 0.9675024747848511),
                        ["Look"] = Vector3.new(-0.017334051430225372, -0.25226688385009766, -0.9675024747848511),
                        ["Air"] = false,
                        ["Pos"] = Vector3.new(-513.47705078125, 99.93163299560547, -260.134521484375)
                    }
                }
                game:GetService("ReplicatedStorage"):WaitForChild("remotes"):WaitForChild("base"):FireServer(unpack(args2))
                wait(1) -- Espera 1 segundo antes de executar o próximo comando

                -- Terceiro comando: BlackFlash
                local args3 = {
                    [1] = "SukunaHandler",
                    [2] = "BlackFlash",
                    [3] = {
                        ["CF"] = CFrame.new(-390.4974670410156, 99.11021423339844, 385.0595397949219, 0.8105183243751526, 0.0987214744091034, -0.5773336291313171, 7.4505797087454084e-09, 0.9856932759284973, 0.16854918003082275, 0.5857132077217102, -0.1366121917963028, 0.7989225387573242),
                        ["Look"] = Vector3.new(0.5773336291313171, -0.16854918003082275, -0.7989225387573242),
                        ["Air"] = false,
                        ["Pos"] = Vector3.new(-390.4974670410156, 99.11021423339844, 385.0595397949219)
                    }
                }
                game:GetService("ReplicatedStorage"):WaitForChild("remotes"):WaitForChild("base"):FireServer(unpack(args3))
                wait(1) -- Espera 1 segundo antes de executar o próximo comando

                -- Quarto comando: DropKick
                local args4 = {
                    [1] = "SukunaHandler",
                    [2] = "DropKick",
                    [3] = {
                        ["CF"] = CFrame.new(-932.4475708007812, 99.11021423339844, 307.525634765625, 0.21520473062992096, -0.05862991139292717, 0.9748074412345886, -0, 0.9981962442398071, 0.06003662943840027, -0.9765689969062805, -0.012920166365802288, 0.21481654047966003),
                        ["Look"] = Vector3.new(-0.9748074412345886, -0.06003662943840027, -0.21481654047966003),
                        ["Air"] = false,
                        ["Pos"] = Vector3.new(-932.4475708007812, 99.11021423339844, 307.525634765625)
                    }
                }
                game:GetService("ReplicatedStorage"):WaitForChild("remotes"):WaitForChild("base"):FireServer(unpack(args4))
                wait(1) -- Espera 1 segundo antes de reiniciar o ciclo
            end
        end)
    else
        print("Auto Skill disabled")
        running = false -- Para o loop quando o toggle é desativado
    end
end)

Options.MyToggle:SetValue(false) -- Inicializa o toggle como falso

-- Cria um novo toggle para ativar ou desativar novos Skills
local NewToggle = Tabs.AutoSkills:AddToggle("NewSkillToggle", { Title = "Enable New Skills", Default = false })

local running = false -- Flag para controlar a execução do loop

-- Função que lida com a mudança do novo toggle
NewToggle:OnChanged(function()
    if NewToggle.Value then
        print("New Skills enabled")
        running = true
        
        -- Inicia a execução do loop em uma nova thread para não travar a interface
        spawn(function()
            while running do
                -- Comando: Clap
                local argsClap = {
                    [1] = "TodoHandler",
                    [2] = "Clap",
                    [3] = {
                        ["CF"] = CFrame.new(-1049.3958740234375, 253.12164306640625, 379.428466796875, -0.844409167766571, 0.10090682655572891, 0.5261093378067017, 7.4505797087454084e-09, 0.9820992350578308, -0.18836483359336853, -0.5356988310813904, -0.15905699133872986, -0.8292935490608215),
                        ["Look"] = Vector3.new(-0.5261093378067017, 0.18836483359336853, 0.8292935490608215),
                        ["Air"] = false,
                        ["Pos"] = Vector3.new(-1049.3958740234375, 253.12164306640625, 379.428466796875)
                    }
                }

                game:GetService("ReplicatedStorage"):WaitForChild("remotes"):WaitForChild("base"):FireServer(unpack(argsClap))

                wait(1) -- Espera 1 segundo antes de executar o próximo comando

                -- Comando: Suplex
                local argsSuplex = {
                    [1] = "TodoHandler",
                    [2] = "Suplex",
                    [3] = {
                        ["CF"] = CFrame.new(-336.4674987792969, 99.90971374511719, 354.2513427734375, -0.8470097184181213, 0.01566293090581894, -0.5313466191291809, -0, 0.999565839767456, 0.029465002939105034, 0.531577467918396, 0.024957144632935524, -0.8466419577598572),
                        ["Look"] = Vector3.new(0.5313466191291809, -0.029465002939105034, 0.8466419577598572),
                        ["Air"] = false,
                        ["Pos"] = Vector3.new(-336.4674987792969, 99.90971374511719, 354.2513427734375)
                    }
                }

                game:GetService("ReplicatedStorage"):WaitForChild("remotes"):WaitForChild("base"):FireServer(unpack(argsSuplex))

                wait(1) -- Espera 1 segundo antes de executar o próximo comando

                -- Comando: Obstruction
                local argsObstruction = {
                    [1] = "TodoHandler",
                    [2] = "Obstruction",
                    [3] = {
                        ["CF"] = CFrame.new(-243.6697998046875, 339.3109436035156, 129.27316284179688, -0.6783299446105957, -0.38523685932159424, -0.625668466091156, -0, 0.8515306711196899, -0.5243048071861267, 0.7347574234008789, -0.3556516468524933, -0.5776187777519226),
                        ["Look"] = Vector3.new(0.625668466091156, 0.5243048071861267, 0.5776187777519226),
                        ["Air"] = false,
                        ["Pos"] = Vector3.new(-243.6697998046875, 339.3109436035156, 129.27316284179688)
                    }
                }

                game:GetService("ReplicatedStorage"):WaitForChild("remotes"):WaitForChild("base"):FireServer(unpack(argsObstruction))

                wait(1) -- Espera 1 segundo antes de executar o próximo comando

                -- Comando: Throw
                local argsThrow = {
                    [1] = "TodoHandler",
                    [2] = "Throw",
                    [3] = {
                        ["CF"] = CFrame.new(-894.113037109375, 250.9514617919922, 492.1587829589844, -0.9950743317604065, 0.02052166685461998, 0.09698415547609329, -1.862645371275562e-09, 0.978337824344635, -0.20701448619365692, -0.09913156181573868, -0.20599479973316193, -0.9735189080238342),
                        ["Look"] = Vector3.new(-0.09698415547609329, 0.20701448619365692, 0.9735189080238342),
                        ["Air"] = false,
                        ["Pos"] = Vector3.new(-894.113037109375, 250.9514617919922, 492.1587829589844)
                    }
                }

                game:GetService("ReplicatedStorage"):WaitForChild("remotes"):WaitForChild("base"):FireServer(unpack(argsThrow))

                wait(1) -- Espera 1 segundo antes de reiniciar o ciclo
            end
        end)
    else
        print("New Skills disabled")
        running = false -- Para o loop quando o toggle é desativado
    end
end)

NewToggle:SetValue(false) -- Inicializa o toggle como falso

SaveManager:SetLibrary(Fluent)
InterfaceManager:SetLibrary(Fluent)
SaveManager:IgnoreThemeSettings()
SaveManager:SetIgnoreIndexes({})
InterfaceManager:SetFolder("FluentScriptHub")
SaveManager:SetFolder("FluentScriptHub/specific-game")
InterfaceManager:BuildInterfaceSection(Tabs.Settings)
SaveManager:BuildConfigSection(Tabs.Settings)

Window:SelectTab(1)

Fluent:Notify({
    Title = "Fluent",
    Content = "The script has been loaded.",
    Duration = 8
})

SaveManager:LoadAutoloadConfig()
